Frequency (Hz)	Level (dB)
43.066406	-13.003719
86.132812	-16.703754
129.199219	-21.439980
172.265625	-24.098270
215.332031	-24.451019
258.398438	-21.426796
301.464844	-22.104357
344.531250	-24.222126
387.597656	-18.604582
430.664062	-13.673408
473.730469	-12.191259
516.796875	-14.255391
559.863281	-11.842762
602.929688	-14.198129
645.996094	-15.683195
689.062500	-16.069281
732.128906	-16.635109
775.195312	-22.571064
818.261719	-25.359613
861.328125	-26.451019
904.394531	-23.158525
947.460938	-22.501240
990.527344	-29.578341
1033.593750	-35.339184
1076.660156	-25.768232
1119.726562	-22.611580
1162.792969	-30.027719
1205.859375	-32.532070
1248.925781	-29.015850
1291.992188	-33.357513
1335.058594	-38.640717
1378.125000	-35.756199
1421.191406	-36.197510
1464.257812	-38.297211
1507.324219	-38.867229
1550.390625	-41.719910
1593.457031	-42.198757
1636.523438	-34.763569
1679.589844	-32.627460
1722.656250	-39.453804
1765.722656	-41.774773
1808.789062	-39.473118
1851.855469	-36.883404
1894.921875	-38.040993
1937.988281	-37.715088
1981.054688	-39.478786
2024.121094	-41.257507
2067.187500	-38.156139
2110.253906	-37.839836
2153.320312	-41.830017
2196.386719	-36.386837
2239.453125	-35.736217
2282.519531	-40.739578
2325.585938	-40.440338
2368.652344	-43.816257
2411.718750	-46.760906
2454.785156	-42.237133
2497.851562	-40.075218
2540.917969	-43.780426
2583.984375	-44.949802
2627.050781	-46.008045
2670.117188	-48.450901
2713.183594	-46.607121
2756.250000	-41.336388
2799.316406	-39.313644
2842.382812	-43.879654
2885.449219	-43.541828
2928.515625	-41.143612
2971.582031	-41.946960
3014.648438	-44.289463
3057.714844	-46.337811
3100.781250	-46.415310
3143.847656	-46.851444
3186.914062	-48.718742
3229.980469	-45.485989
3273.046875	-43.113789
3316.113281	-42.798836
3359.179688	-43.237846
3402.246094	-45.634510
3445.312500	-46.236710
3488.378906	-45.684658
3531.445312	-47.275219
3574.511719	-47.740086
3617.578125	-47.768581
3660.644531	-47.381054
3703.710938	-45.377728
3746.777344	-44.417953
3789.843750	-46.523174
3832.910156	-46.922176
3875.976562	-44.435139
3919.042969	-44.814949
3962.109375	-48.613617
4005.175781	-49.038879
4048.242188	-49.443314
4091.308594	-49.017818
4134.375000	-47.920525
4177.441406	-47.319363
4220.507812	-47.368431
4263.574219	-49.053772
4306.640625	-49.677193
4349.707031	-50.073330
4392.773438	-49.647575
4435.839844	-48.612942
4478.906250	-48.329788
4521.972656	-48.530502
4565.039062	-49.232216
4608.105469	-48.606007
4651.171875	-49.376587
4694.238281	-50.537792
4737.304688	-50.843487
4780.371094	-50.969753
4823.437500	-49.772202
4866.503906	-47.660862
4909.570312	-48.414642
4952.636719	-49.575745
4995.703125	-47.322998
5038.769531	-46.381588
5081.835938	-46.468662
5124.902344	-48.094563
5167.968750	-49.014557
5211.035156	-48.889824
5254.101562	-49.162296
5297.167969	-50.207413
5340.234375	-49.836029
5383.300781	-49.397194
5426.367188	-48.946491
5469.433594	-49.281574
5512.500000	-50.126648
5555.566406	-48.314495
5598.632812	-46.412518
5641.699219	-47.600086
5684.765625	-48.564846
5727.832031	-49.729008
5770.898438	-49.725731
5813.964844	-49.415222
5857.031250	-48.980415
5900.097656	-48.833378
5943.164062	-49.062458
5986.230469	-49.363041
6029.296875	-47.175320
6072.363281	-47.146656
6115.429688	-47.521729
6158.496094	-46.980701
6201.562500	-49.890396
6244.628906	-50.187054
6287.695312	-49.428890
6330.761719	-48.451172
6373.828125	-49.427853
6416.894531	-49.200577
6459.960938	-49.539108
6503.027344	-50.536545
6546.093750	-50.232132
6589.160156	-49.798714
6632.226562	-49.750854
6675.292969	-49.446545
6718.359375	-49.449085
6761.425781	-49.776436
6804.492188	-49.972374
6847.558594	-50.880264
6890.625000	-50.993797
6933.691406	-50.790169
6976.757812	-50.209915
7019.824219	-50.594238
7062.890625	-51.028572
7105.957031	-50.268021
7149.023438	-50.948330
7192.089844	-51.784000
7235.156250	-52.150753
7278.222656	-52.963860
7321.289062	-53.341908
7364.355469	-53.561283
7407.421875	-52.610039
7450.488281	-53.472343
7493.554688	-54.410973
7536.621094	-53.292530
7579.687500	-53.358627
7622.753906	-54.728584
7665.820312	-54.943443
7708.886719	-54.790939
7751.953125	-55.337410
7795.019531	-55.294525
7838.085938	-54.941998
7881.152344	-55.020538
7924.218750	-54.781990
7967.285156	-54.939484
8010.351562	-53.988586
8053.417969	-53.753048
8096.484375	-54.526432
8139.550781	-54.684322
8182.617188	-53.912117
8225.683594	-53.498947
8268.750000	-53.262997
8311.816406	-53.591183
8354.882812	-54.331520
8397.949219	-54.455673
8441.015625	-54.287727
8484.082031	-53.550968
8527.148438	-52.830830
8570.214844	-52.794579
8613.281250	-52.771618
8656.347656	-52.720890
8699.414062	-52.835968
8742.480469	-52.935093
8785.546875	-53.333336
8828.613281	-53.568874
8871.679688	-53.745144
8914.746094	-53.402134
8957.812500	-52.752693
9000.878906	-52.403759
9043.945312	-52.585918
9087.011719	-52.979599
9130.078125	-53.136250
9173.144531	-53.151939
9216.210938	-52.984127
9259.277344	-53.295677
9302.343750	-53.357330
9345.410156	-53.397087
9388.476562	-53.209923
9431.542969	-53.382542
9474.609375	-53.222916
9517.675781	-53.526138
9560.742188	-54.610958
9603.808594	-54.215977
9646.875000	-53.505127
9689.941406	-53.308563
9733.007812	-53.536327
9776.074219	-53.651073
9819.140625	-53.540646
9862.207031	-53.688644
9905.273438	-54.048439
9948.339844	-54.539677
9991.406250	-54.257645
10034.472656	-53.620537
10077.539062	-53.699993
10120.605469	-53.874821
10163.671875	-54.046322
10206.738281	-54.151695
10249.804688	-54.066223
10292.871094	-54.126724
10335.937500	-54.432182
10379.003906	-54.428486
10422.070312	-54.329254
10465.136719	-55.075630
10508.203125	-55.226650
10551.269531	-55.289478
10594.335938	-55.685295
10637.402344	-55.784756
10680.468750	-55.915424
10723.535156	-56.281029
10766.601562	-56.403297
10809.667969	-56.490658
10852.734375	-56.944893
10895.800781	-56.948544
10938.867188	-57.268360
10981.933594	-57.811340
11025.000000	-58.050247
11068.066406	-58.682652
11111.132812	-58.408081
11154.199219	-58.078060
11197.265625	-58.300129
11240.332031	-58.352833
11283.398438	-58.761772
11326.464844	-58.956078
11369.531250	-58.153355
11412.597656	-58.530823
11455.664062	-59.388676
11498.730469	-59.644741
11541.796875	-60.087769
11584.863281	-60.140015
11627.929688	-60.400467
11670.996094	-60.572189
11714.062500	-60.300953
11757.128906	-60.006390
11800.195312	-60.269829
11843.261719	-60.668167
11886.328125	-60.556808
11929.394531	-60.454899
11972.460938	-61.405880
12015.527344	-62.116127
12058.593750	-62.224316
12101.660156	-62.188629
12144.726562	-62.128490
12187.792969	-62.242092
12230.859375	-62.078930
12273.925781	-62.657406
12316.992188	-62.651146
12360.058594	-62.377739
12403.125000	-62.712673
12446.191406	-62.536110
12489.257812	-61.622200
12532.324219	-62.116283
12575.390625	-62.822968
12618.457031	-61.973694
12661.523438	-61.690563
12704.589844	-62.486355
12747.656250	-62.831768
12790.722656	-62.649532
12833.789062	-62.179501
12876.855469	-61.826756
12919.921875	-61.887978
12962.988281	-62.204582
13006.054688	-61.963501
13049.121094	-61.445827
13092.187500	-61.516956
13135.253906	-62.072174
13178.320312	-61.931030
13221.386719	-61.709053
13264.453125	-62.144367
13307.519531	-62.704449
13350.585938	-62.620213
13393.652344	-62.210983
13436.718750	-61.866283
13479.785156	-61.561996
13522.851562	-61.087372
13565.917969	-61.046482
13608.984375	-61.404324
13652.050781	-62.144047
13695.117188	-62.703953
13738.183594	-63.385525
13781.250000	-63.857391
13824.316406	-63.692791
13867.382812	-63.838856
13910.449219	-64.015907
13953.515625	-63.776878
13996.582031	-63.708378
14039.648438	-64.215958
14082.714844	-64.124832
14125.781250	-64.215302
14168.847656	-63.316227
14211.914062	-63.238525
14254.980469	-64.399475
14298.046875	-64.833305
14341.113281	-65.118210
14384.179688	-65.616531
14427.246094	-65.880951
14470.312500	-65.962631
14513.378906	-66.101830
14556.445312	-66.279419
14599.511719	-66.436287
14642.578125	-66.309059
14685.644531	-65.921494
14728.710938	-65.707588
14771.777344	-66.499168
14814.843750	-66.643288
14857.910156	-66.744240
14900.976562	-66.820122
14944.042969	-67.379662
14987.109375	-68.221451
15030.175781	-68.278488
15073.242188	-68.200867
15116.308594	-68.894989
15159.375000	-70.633698
15202.441406	-71.822136
15245.507812	-72.132729
15288.574219	-72.452736
15331.640625	-72.529709
15374.707031	-72.034218
15417.773438	-71.558197
15460.839844	-71.758850
15503.906250	-72.427689
15546.972656	-72.744545
15590.039062	-72.768326
15633.105469	-73.597458
15676.171875	-74.569908
15719.238281	-75.900421
15762.304688	-80.204948
15805.371094	-84.439346
15848.437500	-88.330643
15891.503906	-96.486366
15934.570312	-101.895447
15977.636719	-102.043968
16020.703125	-103.565010
16063.769531	-107.306374
16106.835938	-112.483292
16149.902344	-119.763809
16192.968750	-126.261002
16236.035156	-131.113815
16279.101562	-133.566284
16322.167969	-137.344162
16365.234375	-138.949402
16408.300781	-136.495621
16451.367188	-127.409523
16494.433594	-123.003029
16537.500000	-124.593300
16580.566406	-121.736961
16623.632812	-124.773613
16666.699219	-131.448212
16709.765625	-136.952377
16752.832031	-135.597687
16795.898438	-133.033264
16838.964844	-135.763977
16882.031250	-137.443497
16925.097656	-134.088898
16968.164062	-131.121033
17011.230469	-131.119537
17054.296875	-134.413254
17097.363281	-132.686371
17140.429688	-126.203468
17183.496094	-124.668434
17226.562500	-127.825546
17269.628906	-126.049629
17312.695312	-128.092117
17355.761719	-126.358238
17398.828125	-126.321053
17441.894531	-122.297859
17484.960938	-124.693474
17528.027344	-133.273178
17571.093750	-139.048111
17614.160156	-134.695145
17657.226562	-134.375153
17700.292969	-141.076828
17743.359375	-142.243820
17786.425781	-140.315338
17829.492188	-129.595322
17872.558594	-123.804489
17915.625000	-128.042175
17958.691406	-132.219513
18001.757812	-133.508347
18044.824219	-135.649048
18087.890625	-131.815521
18130.957031	-131.728531
18174.023438	-131.692444
18217.089844	-133.473572
18260.156250	-137.607361
18303.222656	-132.350571
18346.289062	-127.658134
18389.355469	-128.883194
18432.421875	-133.377258
18475.488281	-130.193375
18518.554688	-125.528931
18561.621094	-124.741119
18604.687500	-126.191338
18647.753906	-127.692009
18690.820312	-129.760620
18733.886719	-128.698944
18776.953125	-125.642288
18820.019531	-121.089828
18863.085938	-123.809662
18906.152344	-130.971680
18949.218750	-135.927734
18992.285156	-130.465118
19035.351562	-129.278015
19078.417969	-135.007034
19121.484375	-139.633881
19164.550781	-138.004272
19207.617188	-128.993698
19250.683594	-123.992706
19293.750000	-126.868973
19336.816406	-127.041832
19379.882812	-133.343933
19422.949219	-138.225769
19466.015625	-139.801163
19509.082031	-139.310394
19552.148438	-134.525299
19595.214844	-137.047379
19638.281250	-136.145203
19681.347656	-127.449280
19724.414062	-122.491501
19767.480469	-121.925697
19810.546875	-127.630867
19853.613281	-128.369186
19896.679688	-129.683685
19939.746094	-125.930191
19982.812500	-125.195450
20025.878906	-128.818756
20068.945312	-129.717590
20112.011719	-125.710205
20155.078125	-128.631287
20198.144531	-128.067337
20241.210938	-130.074310
20284.277344	-139.365677
20327.343750	-139.543228
20370.410156	-132.931152
20413.476562	-130.323685
20456.542969	-136.543854
20499.609375	-135.126816
20542.675781	-130.482101
20585.742188	-128.610168
20628.808594	-123.905922
20671.875000	-128.036011
20714.941406	-135.014618
20758.007812	-133.047607
20801.074219	-134.019180
20844.140625	-137.810272
20887.207031	-136.693192
20930.273438	-135.199127
20973.339844	-136.635071
21016.406250	-133.986115
21059.472656	-133.780075
21102.539062	-133.805634
21145.605469	-133.094208
21188.671875	-123.857483
21231.738281	-119.563866
21274.804688	-122.443748
21317.871094	-123.212036
21360.937500	-125.597847
21404.003906	-126.953796
21447.070312	-128.672195
21490.136719	-125.399689
21533.203125	-127.849510
21576.269531	-123.978790
21619.335938	-125.403725
21662.402344	-131.545883
21705.468750	-134.091431
21748.535156	-135.702637
21791.601562	-134.349640
21834.667969	-140.001999
21877.734375	-138.774414
21920.800781	-132.928772
21963.867188	-126.740158
22006.933594	-123.398781
